11,.0078,0,1.0
126,.0229,67.2,-0.03
0,0,0,1.0
151,.0282,66.2,-0.02
555,.0837,55.4,0.15
596,.0948,54.2,0.17
559,.1011,61.5,0.05
0,0,0,1.0
32,.0247,63.6,0.02
0,0,0,1.0
9,0,0,1.0
38,.0308,64.1,0.01
3,0,0,1.0
26,.0231,63.7,0.02
20,0,0,1.0
149,.0254,68,-0.05
12,0,0,1.0
85,.1252,44.9,0.31
92,.0379,66.6,-0.02
98,.0391,64.9,0.0
21,.0172,64.9,0.0
17,.0124,65.2,-0.0
0,0,0,1.0
8,0,0,1.0
36,.0295,0,1.0
526,.1489,42.7,0.34
0,0,0,1.0
475,.1088,49.7,0.24
284,.1635,38.6,0.41
334,.1464,28.4,0.56
0,0,0,1.0
36,0,0,1.0
7,0,0,1.0
247,.0748,52.6,0.19
301,.1002,48.1,0.26
349,.1002,50.1,0.23
332,.0833,63.3,0.03
332,.0833,63.3,0.03
88,.0197,66.8,-0.03
332,.0833,63.3,0.03
0,0,0,1.0
48,.1198,0,1.0
675,.1313,46.7,0.28
524,.0873,57.7,0.11
98,.0469,67.5,-0.04
83,.0724,61.8,0.05
5,.0038,65.8,-0.01
98,.0469,67.5,-0.04
573,.0956,65.2,-0.0
532,.0705,65.1,-0.0
0,0,0,1.0
212,.0382,69,-0.06
331,.0752,55.9,0.14
565,.087,55.7,0.14
778,.1417,60.6,0.07
64,.0896,0,1.0
0,0,0,1.0
152,.0223,66.9,-0.03
273,.0575,61.5,0.05
283,.0547,63.2,0.03
534,.0882,65.1,-0.0
502,.0662,64.4,0.01
0,0,0,1.0
151,.0272,45.8,0.3
27,.0109,0,1.0
230,.08,53.9,0.17
4,.0082,0,1.0
15,.0182,0,1.0
313,.3007,27.7,0.57
524,.3714,12.5,0.81
631,.2746,30.9,0.52
46,.0781,0,1.0
49,.0581,0,1.0
204,.1437,42.3,0.35
3,.0065,0,1.0
291,.3353,27.3,0.58
497,.1168,53,0.18
0,0,0,1.0
130,.2649,28.6,0.56
108,.1662,30.7,0.53
719,.1576,54,0.17
693,.1654,43.7,0.33
0,0,0,1.0
153,.4179,10.8,0.83
193,.0451,64.2,0.01
329,.0538,64.3,0.01
162,.0481,0,1.0
306,.0508,66.7,-0.03
8,.0068,0,1.0
158,.0498,61.1,0.06
16,.0162,0,1.0
135,.0458,61.1,0.06
5,.0037,0,1.0
3,.002,0,1.0
212,.0332,65.9,-0.01
229,.0414,64.2,0.01
120,.0342,66.8,-0.03
125,.0312,68.1,-0.05
168,.0312,68,-0.05
207,.0312,68.7,-0.06
7,0,0,1.0
25,.0233,63.2,0.03
22,0,0,1.0
151,.0317,66.9,-0.03
136,.0326,65.1,-0.0
0,0,0,1.0
34,.032,60.3,0.07
31,.0274,61.9,0.05
0,0,0,1.0
34,.0146,65.1,-0.0
30,.0084,65.8,-0.01
0,0,0,1.0
469,.0662,77.4,-0.19
8,.0092,0,1.0
1,.0006,0,1.0
14,.0024,70.7,-0.09
86,.023,67.2,-0.03
0,0,0,1.0
104,.0304,65.3,-0.0
0,0,0,1.0
99,.139,0,1.0
17,.1182,0,1.0
320,.0563,63.3,0.03
388,.0681,61.1,0.06
231,.0435,64.8,0.0
44,.0202,0,1.0
348,.0636,66.9,-0.03
14,.0161,0,1.0
240,.0418,68,-0.05
14,.0068,0,1.0
9,.0083,0,1.0
316,.0647,64.8,0.0
118,.1475,42.1,0.35
0,0,0,1.0
62,0,0,1.0
138,.1339,58,0.11
77,.1762,0,1.0
541,.1468,37,0.43
0,0,0,1.0
96,.2382,0,1.0
501,.1788,28.8,0.56
299,.1095,29.9,0.54
479,.1587,28.9,0.56
453,.2047,42.9,0.34
73,.1346,0,1.0
345,.0682,63.3,0.03
113,.1417,0,1.0
439,.0718,60.7,0.07
383,.09,54.2,0.17
61,0,0,1.0
0,0,0,1.0
210,.0892,63.1,0.03
93,.0611,0,1.0
370,.0688,66.5,-0.02
107,.0627,0,1.0
476,.0757,63.8,0.02
402,.085,54.3,0.16
61,0,0,1.0
0,0,0,1.0
232,.0995,63.3,0.03
402,.085,54.3,0.16
61,0,0,1.0
0,0,0,1.0
232,.0995,63.3,0.03
11,0,0,1.0
105,.042,66.3,-0.02
121,.053,64,0.02
121,.053,64,0.02
62,0,0,1.0
398,.0659,57.4,0.12
69,0,0,1.0
0,0,0,1.0
40,.0178,58.3,0.1
143,.0325,65.2,-0.0
168,.0199,68.6,-0.06
547,.0783,74.5,-0.15
17,0,0,1.0
31,.0295,62.1,0.04
40,0,0,1.0
376,.0719,62.9,0.03
133,.0431,64.2,0.01
212,.0431,66.8,-0.03
111,.0325,0,1.0
193,.0353,65.3,-0.0
127,.0367,62,0.05
187,.0377,65.8,-0.01
142,.0417,0,1.0
184,.0315,67.4,-0.04
316,.061,66.2,-0.02
314,.0411,65.8,-0.01
0,0,0,1.0
119,.0244,65.1,-0.0
13,.029,0,1.0
103,.0366,0,1.0
200,.0345,69.7,-0.07
12,.0133,0,1.0
684,.1378,52.1,0.2
627,.1093,66.6,-0.02
528,.0954,58.7,0.1
637,.135,47.3,0.27
613,.1006,60.7,0.07
708,.1215,56.6,0.13
547,.1065,56.8,0.13
0,0,0,1.0
230,.0989,45.3,0.3
330,.2635,24.2,0.63
0,0,0,1.0
37,0,0,1.0
24,0,0,1.0
151,.1061,56.8,0.13
382,.17,44.2,0.32
61,0,0,1.0
363,.3624,24.3,0.63
117,0,0,1.0
0,0,0,1.0
313,.1353,51,0.22
10,0,0,1.0
346,.1049,47.5,0.27
327,.111,47.5,0.27
371,.092,57.7,0.11
194,.0558,62.5,0.04
195,.0482,59.9,0.08
242,.0596,58,0.11
209,.061,59.8,0.08
394,.067,55.9,0.14
52,0,0,1.0
0,0,0,1.0
194,.082,60.5,0.07
12,.0104,63.1,0.03
136,.1233,39.4,0.39
136,.1233,39.4,0.39
118,.111,53.3,0.18
370,.1231,38.5,0.41
368,.1093,48.2,0.26
43,0,0,1.0
413,.1243,40,0.38
399,.0557,61.9,0.05
46,0,0,1.0
0,0,0,1.0
180,.0741,62.5,0.04
0,0,0,1.0
45,.1055,0,1.0
482,.1238,43.7,0.33
387,.068,56.5,0.13
124,.0625,65.5,-0.01
88,.0736,59,0.09
24,0,0,1.0
2,0,0,1.0
211,.0537,67.3,-0.04
91,.0225,68.8,-0.06
139,.0382,63.3,0.03
212,.0473,65.7,-0.01
165,.0286,62.4,0.04
7,.0036,0,1.0
4,.0051,0,1.0
135,.0269,65.5,-0.01
246,.0468,64,0.02
335,.0406,66.5,-0.02
588,.0878,74.8,-0.15
22,.0248,0,1.0
72,.0284,51.9,0.2
181,.0365,64.6,0.01
246,.0298,67,-0.03
599,.0846,76.7,-0.18
274,.0577,67.7,-0.04
282,.0341,69.5,-0.07
0,0,0,1.0
95,.0158,67.7,-0.04
9,.0085,66.2,-0.02
0,0,0,1.0
0,0,0,1.0
9,.0077,67.4,-0.04
2,.001,0,1.0
70,.0232,63.7,0.02
30,.007,67.9,-0.04
13,.0029,69.4,-0.07
124,.0314,62.7,0.04
108,.0172,65.6,-0.01
513,.0874,70.6,-0.09
8,.0098,0,1.0
72,.0139,69.1,-0.06
88,.0259,64.5,0.01
2,.0027,0,1.0
97,.0175,68.4,-0.05
228,.0446,65.3,-0.0
245,.0312,70,-0.08
0,0,0,1.0
101,.0178,66.6,-0.02
208,.0404,67.3,-0.04
5,.0045,0,1.0
7,.0066,0,1.0
7,.0061,0,1.0
185,.04,65.8,-0.01
6,.0071,0,1.0
13,.013,0,1.0
8,.0073,0,1.0
374,.0697,64.2,0.01
550,.0656,67.3,-0.04
859,.1346,65.3,-0.0
54,.0649,0,1.0
249,.0597,55.6,0.14
334,.0869,58.9,0.09
0,0,0,1.0
17,0,0,1.0
418,.0898,58.9,0.09
392,.1003,61.2,0.06
9,0,0,1.0
381,.085,58.1,0.11
455,.0587,63,0.03
37,0,0,1.0
0,0,0,1.0
192,.0747,63.7,0.02
687,.1733,37.8,0.42
674,.1568,44.9,0.31
736,.1212,51.7,0.2
566,.086,63.5,0.02
448,.0708,66,-0.02
560,.0708,66.7,-0.03
0,0,0,1.0
348,.0715,51.9,0.2
80,.0374,0,1.0
463,.0681,65.8,-0.01
343,.0607,65.4,-0.01
403,.0858,61.8,0.05
41,.0551,0,1.0
60,.1623,0,1.0
731,.176,37.3,0.43
627,.1737,36.6,0.44
139,.0354,67.9,-0.04
200,.0458,62.3,0.04
154,.0411,61.2,0.06
91,.0225,68.3,-0.05
335,.0801,63.5,0.02
10,.0091,0,1.0
346,.0907,63.2,0.03
5,.0023,0,1.0
0,0,0,1.0
7,.0028,70.4,-0.08
43,.0333,63.8,0.02
43,.0333,63.8,0.02
396,.0543,63.2,0.03
16,0,0,1.0
0,0,0,1.0
134,.057,63,0.03
576,.0827,64.4,0.01
607,.0914,59,0.09
514,.0879,62.4,0.04
0,0,0,1.0
359,.08,60,0.08
359,.0897,61.9,0.05
0,0,0,1.0
23,0,0,1.0
43,.0387,58.6,0.1
26,.0213,62.9,0.03
0,0,0,1.0
23,0,0,1.0
70,.0687,50.9,0.22
68,.0609,52.7,0.19
0,0,0,1.0
49,0,0,1.0
92,.0363,60.6,0.07
59,.0131,62.6,0.04
149,.0517,57.9,0.11
29,0,0,1.0
32,.0195,53,0.18
0,0,0,1.0
0,0,0,1.0
29,.0215,50.2,0.23
155,.0648,55.1,0.15
0,0,0,1.0
215,.0538,53.4,0.18
228,.0373,58.7,0.1
0,0,0,1.0
0,0,0,1.0
196,.0564,57.2,0.12
31,.0135,0,1.0
0,0,0,1.0
0,0,0,1.0
0,0,0,1.0
206,.061,54.6,0.16
154,.0564,51.6,0.21
382,.0706,61.8,0.05
172,.0703,54.1,0.17
0,0,0,1.0
134,.0764,61.8,0.05
84,.0795,53.4,0.18
24,0,0,1.0
3,0,0,1.0
161,.0591,52.5,0.19
399,.0805,61.3,0.06
182,.0745,55,0.15
0,0,0,1.0
93,.0605,54.1,0.17
387,.095,52.4,0.19
383,.092,49.8,0.23
92,0,0,1.0
0,0,0,1.0
89,.0329,0,1.0
379,.0833,51.6,0.21
390,.0896,50.5,0.22
562,.1102,49.8,0.23
460,.0868,52.7,0.19
438,.0728,55.3,0.15
467,.0867,55.3,0.15
63,.0921,0,1.0
587,.1125,50.1,0.23
472,.0873,53.1,0.18
488,.0792,55.1,0.15
0,0,0,1.0
43,0,0,1.0
132,.1629,38.1,0.41
128,.0738,60.7,0.07
179,.0392,56.9,0.12
171,.0387,55.8,0.14
155,.0397,55,0.15
214,.0419,60.6,0.07
30,.0531,0,1.0
299,.0541,56,0.14
0,0,0,1.0
22,.0511,0,1.0
146,.024,63.9,0.02
126,.0422,63.6,0.02
87,.0257,61.5,0.05
113,.0433,59.6,0.08
73,.0256,60.1,0.08
43,.0122,66.9,-0.03
121,.0335,62,0.05
103,.0353,59.1,0.09
538,.1354,40.3,0.38
554,.1195,47.3,0.27
502,.1028,48.6,0.25
506,.1114,42.9,0.34
216,.0479,56.5,0.13
283,.0413,55.5,0.15
597,.1047,65.2,-0.0
34,.0519,0,1.0
348,.0642,56.1,0.14
238,.0453,57.4,0.12
319,.062,60.9,0.06
0,0,0,1.0
49,.0227,66.5,-0.02
35,.0325,58.7,0.1
1,.0029,64,0.02
49,.0227,66.5,-0.02
0,0,0,1.0
112,.0178,66.5,-0.02
0,0,0,1.0
112,.0178,66.5,-0.02
102,.0272,56.6,0.13
109,.0203,62.1,0.04
0,0,0,1.0
14,.0043,0,1.0
62,.0147,63.4,0.02
4,.0018,0,1.0
87,.0254,62.7,0.04
63,.0154,68.4,-0.05
0,0,69,-0.06
83,.0226,63.8,0.02
1,.0011,0,1.0
66,.0206,57.4,0.12
33,.0082,67.6,-0.04
33,.0082,67.6,-0.04
44,.0082,67.4,-0.04
55,.0082,68.2,-0.05
0,0,69,-0.06
54,.0179,63.6,0.02
4,.0037,0,1.0
62,.0142,64.4,0.01
0,0,0,1.0
29,.0057,66.1,-0.02
0,0,0,1.0
29,.0057,66.1,-0.02
134,.0243,62.3,0.04
36,.0066,65,0.0
100,.0254,65.1,-0.0
0,0,0,1.0
5,.0046,64.3,0.01
7,.0067,64.3,0.01
0,0,0,1.0
4,0,0,1.0
23,.0068,66.5,-0.02
107,.0266,65.1,-0.0
74,.0113,66.9,-0.03
455,.0602,80.3,-0.24
1,0,0,1.0
44,.0118,67.5,-0.04
42,.0107,68.2,-0.05
66,.0377,65.7,-0.01
140,.0451,40.9,0.37
46,.0072,67,-0.03
24,.0105,67.3,-0.04
0,0,0,1.0
76,.0239,63.5,0.02
213,.0471,63.5,0.02
267,.0378,63.9,0.02
628,.0999,73.4,-0.13
299,.0941,41.8,0.36
112,.0234,65.6,-0.01
45,.0089,62.2,0.04
1,0,0,1.0
231,.0595,64.2,0.01
325,.0532,67.1,-0.03
226,.0634,0,1.0
294,.0492,69.9,-0.08
286,.0652,62,0.05
24,0,0,1.0
335,.0776,60.9,0.06
0,0,0,1.0
260,.0502,59.8,0.08
267,.0521,60.6,0.07
94,.0461,0,1.0
88,.041,0,1.0
290,.053,62.2,0.04
0,0,0,1.0
68,.0613,58.6,0.1
67,.0562,59.9,0.08
16,0,0,1.0
67,.0634,61.1,0.06
68,0,0,1.0
420,.0823,61.8,0.05
282,.0452,63.8,0.02
22,.0449,0,1.0
406,.0684,61.9,0.05
0,0,0,1.0
258,.0849,57.5,0.12
163,.0408,70.8,-0.09
257,.0532,64.8,0.0
204,.0556,55.1,0.15
427,.0607,61.6,0.05
47,0,0,1.0
0,0,0,1.0
164,.069,61.8,0.05
402,.0597,60.6,0.07
57,0,0,1.0
0,0,0,1.0
174,.0712,62.5,0.04
398,.0768,65.2,-0.0
497,.0768,65.9,-0.01
0,0,0,1.0
315,.1087,36.3,0.44
0,0,0,1.0
0,0,0,1.0
323,.0811,56.8,0.13
102,0,0,1.0
80,.1505,0,1.0
360,.0694,61.4,0.06
117,.2172,0,1.0
498,.0843,59.9,0.08
17,.0117,0,1.0
442,.0612,66.5,-0.02
424,.0686,64.7,0.0
294,.1555,49.3,0.24
11,.0086,64.8,0.0
0,0,0,1.0
4,0,0,1.0
19,.0159,64.8,0.0
117,.0287,64.5,0.01
95,.0183,65.6,-0.01
0,0,0,1.0
11,.0036,0,1.0
80,.0406,67.8,-0.04
41,.0319,63.4,0.02
7,0,0,1.0
0,0,0,1.0
8,.0156,63.9,0.02
77,.0439,68.4,-0.05
77,.0439,68.4,-0.05
43,.035,62.4,0.04
132,.028,62.3,0.04
137,.0312,62.9,0.03
177,.0323,67.7,-0.04
91,.0141,67.3,-0.04
153,.0577,61.4,0.06
70,.0196,64.2,0.01
138,.0389,60.8,0.06
117,.0399,60,0.08
116,.0832,58.6,0.1
86,.0741,57.1,0.12
39,0,0,1.0
8,0,0,1.0
139,.0584,59.7,0.08
0,0,0,1.0
0,0,0,1.0
348,.0832,58.6,0.1
113,.0694,60,0.08
82,.0714,57.4,0.12
18,0,0,1.0
8,0,0,1.0
83,.0744,60.6,0.07
72,.0599,61.2,0.06
0,0,0,1.0
63,0,0,1.0
0,0,0,1.0
0,0,0,1.0
215,.055,67.2,-0.03
24,.0099,0,1.0
572,.1832,38.2,0.41
422,.1022,51.4,0.21
420,.0837,47.9,0.26
422,.076,54.3,0.16
0,0,0,1.0
137,.0226,66.5,-0.02
269,.0512,61.6,0.05
274,.0513,64.6,0.01
170,.0585,59.7,0.08
408,.0791,61.2,0.06
225,.075,63.5,0.02
0,0,0,1.0
0,0,0,1.0
0,0,0,1.0
257,.0419,67.4,-0.04
0,0,0,1.0
129,.0875,57.2,0.12
89,.0786,58.8,0.1
25,0,0,1.0
6,0,0,1.0
125,.0781,58.5,0.1
69,.5093,11.1,0.83
8,.1297,6,0.91
125,.0781,58.5,0.1
244,.0799,52.1,0.2
311,.1015,47.6,0.27
382,.0955,58.9,0.09
41,0,0,1.0
450,.0763,58.2,0.1
59,0,0,1.0
0,0,0,1.0
283,.1232,62.6,0.04
387,.0707,66.6,-0.02
404,.0773,65,0.0
123,.0546,0,1.0
119,.0411,0,1.0
0,0,0,1.0
403,.0751,59.4,0.09
0,0,0,1.0
403,.0751,59.4,0.09
456,.0503,65.3,-0.0
28,.0128,0,1.0
24,.0177,0,1.0
290,.0513,65.6,-0.01
36,.0162,68.3,-0.05
0,0,0,1.0
0,0,0,1.0
117,.0473,62.2,0.04
456,.0771,61.6,0.05
451,.0921,58.4,0.1
313,.0585,57,0.12
344,.0834,46,0.29
178,.0595,0,1.0
354,.0864,44.8,0.31
21,.0122,0,1.0
316,.0838,44.7,0.31
633,.0927,70.7,-0.09
557,.0673,71.2,-0.1
0,0,0,1.0
194,.0357,64.6,0.01
305,.1198,54.3,0.16
426,.1351,40.2,0.38
259,.1003,55.2,0.15
0,0,0,1.0
0,0,0,1.0
302,.1384,59.5,0.08
422,.1132,57.8,0.11
0,0,0,1.0
276,.1161,52.7,0.19
0,0,0,1.0
625,.1665,48.8,0.25
603,.1392,46.7,0.28
0,0,0,1.0
269,.1457,54.7,0.16
368,.1106,55.5,0.15
0,0,0,1.0
234,.2663,29.6,0.54
339,.1827,42.3,0.35
0,0,0,1.0
358,.1016,48.2,0.26
0,0,0,1.0
246,.277,26.9,0.59
347,.1893,40.3,0.38
0,0,0,1.0
352,.1948,26.7,0.59
343,.2804,20.2,0.69
99,0,0,1.0
427,.1915,33.2,0.49
423,.1593,25.2,0.61
40,.1841,0,1.0
432,.1106,51.1,0.21
509,.1222,53.5,0.18
208,.1268,18.2,0.72
181,.5528,8.3,0.87
177,.4118,9.7,0.85
284,.3141,26.9,0.59
409,.102,46.9,0.28
54,0,0,1.0
486,.1058,48.5,0.25
62,0,0,1.0
0,0,0,1.0
62,.1632,0,1.0
695,.1614,42.3,0.35
527,.1012,53.3,0.18
393,.0673,55.4,0.15
56,0,0,1.0
0,0,0,1.0
222,.0943,59.4,0.09
13,.0044,0,1.0
231,.0329,72.6,-0.12
226,.0366,67.2,-0.03
216,.0321,66.5,-0.02
479,.0673,66.6,-0.02
463,.0645,65.6,-0.01
442,.0476,68.8,-0.06
9,.009,0,1.0
37,.0607,28.7,0.56
261,.1237,60.3,0.07
173,.0756,64.4,0.01
0,0,0,1.0
119,.0648,64.5,0.01
438,.0936,63.1,0.03
418,.0795,66.1,-0.02
81,0,0,1.0
420,.1143,52,0.2
553,.1462,48.2,0.26
295,.0602,61.2,0.06
15,.0089,0,1.0
108,.0604,0,1.0
482,.2525,24.2,0.63
356,.1956,39,0.4
420,.1143,52,0.2
0,0,0,1.0
79,.2146,0,1.0
720,.1381,53.7,0.17
569,.0959,58.5,0.1
176,.038,63.3,0.03
365,.0573,64.9,0.0
166,.0442,0,1.0
400,.06,67.2,-0.03
767,.1269,61.6,0.05
724,.0948,63.5,0.02
0,0,0,1.0
263,.0514,61.7,0.05
113,.0417,63.3,0.03
260,.0402,67.3,-0.04
157,.0602,60,0.08
0,0,0,1.0
235,.0314,66.5,-0.02
237,.0432,63,0.03
199,.0255,71.4,-0.1
203,.0232,72.1,-0.11
0,0,0,1.0
6,.0017,69.1,-0.06
0,0,0,1.0
4,.0024,67.4,-0.04
160,.0167,67.5,-0.04
517,.0567,58.6,0.1
154,.0162,68.3,-0.05
154,.0196,71.3,-0.1
171,.0394,67.7,-0.04
0,0,0,1.0
176,.0441,69.3,-0.07
173,.0479,63.3,0.03
8,.0032,0,1.0
262,.0265,68.8,-0.06
16,.0069,0,1.0
146,.0218,67.4,-0.04
77,.0238,0,1.0
498,.0727,67.3,-0.04
11,.0103,0,1.0
365,.0673,64.5,0.01
115,.0314,0,1.0
10,.0159,0,1.0
250,.0478,64.2,0.01
302,.0512,66.6,-0.02
0,0,0,1.0
225,.1121,57.1,0.12
178,.0788,57.9,0.11
178,.0788,57.9,0.11
437,.079,64.6,0.01
546,.079,65.3,-0.0
0,0,0,1.0
0,0,0,1.0
244,.0434,63,0.03
141,.0341,64.1,0.01
180,.0344,68.8,-0.06
215,.0537,63.5,0.02
19,.0065,60.1,0.08
64,.0226,64,0.02
19,.006,67.6,-0.04
19,.006,67.6,-0.04
689,.2401,43.7,0.33
77,0,0,1.0
481,.1139,58.4,0.1
608,.1394,58.4,0.1
355,.0888,55.2,0.15
111,.0256,64.5,0.01
35,.0113,66.4,-0.02
19,.0065,60.1,0.08
442,.0987,62.8,0.03
250,.0586,64,0.02
250,.0586,64,0.02
250,.0586,64,0.02
374,.1208,57.6,0.11
199,.1331,43.2,0.34
174,.0711,54,0.17
369,.1258,50.2,0.23
90,.0177,0,1.0
0,0,0,1.0
395,.041,67.1,-0.03
1301,.5199,14,0.78
312,.0552,64,0.02
0,0,0,1.0
118,.0872,60.7,0.07
0,0,0,1.0
31,.0128,68.3,-0.05
32,.0158,63.8,0.02
0,0,0,1.0
15,.008,66.5,-0.02
98,.0267,67.7,-0.04
15,0,0,1.0
119,.0298,68.5,-0.05
131,.0308,71,-0.09
49,.0136,66.2,-0.02
0,0,0,1.0
10,.0036,0,1.0
0,0,0,1.0
1257,.1526,49.7,0.24
427,.0608,58.5,0.1
487,.0897,58.8,0.1
30,.0339,0,1.0
321,.0932,61.6,0.05
35,0,0,1.0
346,.0902,66.3,-0.02
233,.067,57.6,0.11
351,.0707,61.5,0.05
0,0,0,1.0
112,.0822,63.2,0.03
0,0,0,1.0
238,.0322,70.3,-0.08
0,0,0,1.0
10,.0126,0,1.0
181,.0752,0,1.0
27,.0617,0,1.0
431,.2403,25.8,0.6
375,.142,36.3,0.44
25,.0756,0,1.0
28,.0131,0,1.0
324,.2188,35.4,0.46
345,.079,55,0.15
72,.0444,0,1.0
24,.0538,0,1.0
441,.1479,30,0.54
515,.167,31.1,0.52
34,.0871,0,1.0
226,.0313,67.7,-0.04
262,.0443,65.3,-0.0
445,.0559,66.8,-0.03
0,0,0,1.0
61,.0739,0,1.0
417,.1977,26.9,0.59
95,.3049,0,1.0
470,.1738,29.1,0.55
471,.0799,65.7,-0.01
65,0,0,1.0
334,.066,63.2,0.03
356,.0686,66.6,-0.02
219,.0356,67.6,-0.04
273,.0356,68.3,-0.05
0,0,0,1.0
0,0,0,1.0
224,.0383,67.6,-0.04
282,.0383,68.3,-0.05
0,0,0,1.0
0,0,0,1.0
122,.0368,60.1,0.08
142,.0406,62.4,0.04
82,.0157,66.6,-0.02
50,.0148,0,1.0
6,.0094,0,1.0
6,.0103,0,1.0
15,.0183,0,1.0
10,.0123,0,1.0
97,.0592,54.4,0.16
0,0,0,1.0
103,.0294,64.8,0.0
104,.0367,63.9,0.02
118,.0151,68.5,-0.05
101,.0506,51.9,0.2
72,.0176,63.4,0.02
0,0,0,1.0
91,.0355,61.1,0.06
92,.0179,67.3,-0.04
76,.0344,60.9,0.06
1,0,0,1.0
102,.0405,60.9,0.06
0,0,0,1.0
4,0,0,1.0
64,.0155,63.9,0.02
0,0,0,1.0
124,.0137,66.7,-0.03
566,.0593,57.4,0.12
163,.0197,67.9,-0.04
0,0,0,1.0
408,.0651,63.5,0.02
356,.0838,63.4,0.02
102,.064,0,1.0
248,.0814,62.4,0.04
214,.0824,62.5,0.04
106,.0557,63,0.03
672,.1222,62.1,0.04
212,.0811,62,0.05
124,.0693,61.5,0.05
644,.2295,38.5,0.41
76,0,0,1.0
23,.0154,67.4,-0.04
21,.009,68.9,-0.06
18,.0088,69.2,-0.06
0,0,0,1.0
267,.0998,63,0.03
129,.0875,57.2,0.12
718,.1576,46.4,0.29
79,0,0,1.0
347,.0699,59.8,0.08
434,.0699,60.4,0.07
0,0,0,1.0
0,0,0,1.0
348,.0745,59.3,0.09
435,.0745,59.9,0.08
0,0,0,1.0
0,0,0,1.0
55,.0641,0,1.0
559,.1428,37,0.43
122,.2276,0,1.0
487,.1412,36,0.45
421,.1241,32.3,0.5
58,.0672,0,1.0
392,.0729,42.1,0.35
92,.2028,0,1.0
24,.0123,0,1.0
193,.0351,63.9,0.02
103,.017,66.1,-0.02
169,.0325,64.8,0.0
86,.0121,70.5,-0.08
120,.0263,67.9,-0.04
129,.0155,70.5,-0.08
0,0,0,1.0
0,0,0,1.0
3,.0006,64.1,0.01
47,.0048,71.4,-0.1
47,.0142,62.8,0.03
160,.0525,62.4,0.04
408,.0766,61.4,0.06
180,.0659,60.4,0.07
195,.0622,64.7,0.0
23,.0818,0,1.0
469,.1748,24.5,0.62
24,.0449,0,1.0
430,.1084,49.8,0.23
46,.0634,0,1.0
550,.1317,42,0.35
112,.1401,0,1.0
531,.1457,38,0.42
0,0,0,1.0
148,.0519,0,1.0
63,.0264,0,1.0
463,.0649,66.4,-0.02
114,.0521,63.3,0.03
415,.0482,62.9,0.03
0,0,0,1.0
549,.0626,63.5,0.02
7,.0055,0,1.0
411,.0793,61.6,0.05
40,.0232,0,1.0
421,.0809,63.5,0.02
207,.0677,59.4,0.09
471,.0992,59.1,0.09
215,.0547,64.2,0.01
0,0,0,1.0
354,.1274,55.6,0.14
28,.0135,0,1.0
393,.1258,63.5,0.02
435,.1044,59.8,0.08
36,0,0,1.0
330,.0725,58.2,0.1
0,0,0,1.0
145,.1085,58.2,0.1
262,.0758,58.8,0.1
433,.1422,39.1,0.4
233,.0771,58.6,0.1
262,.0867,57.1,0.12
551,.1142,61.3,0.06
116,.0877,51.2,0.21
73,0,0,1.0
495,.1036,61,0.06
428,.0682,64.2,0.01
45,0,0,1.0
342,.0636,62.4,0.04
343,.0653,65.9,-0.01
0,0,0,1.0
322,.0357,59.6,0.08
1284,.3637,15.1,0.77
390,.1361,25.4,0.61
294,.0608,61.5,0.05
310,.0618,65.6,-0.01
163,.0406,67.9,-0.04
71,.0212,60.4,0.07
155,.0299,67,-0.03
34,.0232,61.9,0.05
23,0,0,1.0
146,.0289,66.6,-0.02
79,.0158,66.4,-0.02
99,.0353,61.9,0.05
89,.0174,67,-0.03
89,.0358,61.5,0.05
88,.0391,60.6,0.07
0,0,0,1.0
2,0,0,1.0
61,.0139,65.4,-0.01
68,.0484,55.9,0.14
0,0,0,1.0
0,0,0,1.0
286,.0456,66,-0.02
77,.0138,0,1.0
0,0,0,1.0
396,.0397,67,-0.03
1325,.1259,56.4,0.13
385,.054,68.4,-0.05
0,0,0,1.0
0,0,0,1.0
343,.0571,65.1,-0.0
350,.0558,65.7,-0.01
357,.0578,65.7,-0.01
487,.0765,64.7,0.0
371,.0583,64.9,0.0
51,.0558,0,1.0
656,.1101,48.8,0.25
150,.0958,0,1.0
682,.1499,47.9,0.26
43,.0929,0,1.0
602,.1154,30.4,0.53
22,.114,0,1.0
389,.2281,25.9,0.6
496,.0514,65.4,-0.01
0,0,0,1.0
643,.0674,65.9,-0.01
630,.0865,59.1,0.09
28,.0591,0,1.0
419,.2185,23.9,0.63
469,.1759,26.8,0.59
24,.0693,0,1.0
24,.0485,0,1.0
424,.174,24.3,0.63
371,.1353,26.5,0.59
25,.0626,0,1.0
186,.0224,71.5,-0.1
169,.0219,70.5,-0.08
6,.0022,0,1.0
180,.0186,70.7,-0.09
58,.01,67.6,-0.04
34,.0079,65.3,-0.0
69,.0119,67.3,-0.04
70,.0121,67.7,-0.04
1,.0005,0,1.0
50,.0147,66.8,-0.03
57,.011,66.6,-0.02
7,.0034,0,1.0
109,.0192,67,-0.03
0,0,0,1.0
85,.0084,72.4,-0.11
101,.0123,72.6,-0.12
0,0,0,1.0
35,.0056,66.5,-0.02
0,0,0,1.0
0,0,0,1.0
0,0,0,1.0
0,0,0,1.0
9,0,0,1.0
0,0,0,1.0
24,.0498,0,1.0
437,.2945,18.9,0.71
485,.3187,19.4,0.7
36,.1023,0,1.0
420,.143,35.3,0.46
0,0,0,1.0
497,.1915,19.6,0.7
524,.2363,20.4,0.69
43,.0163,0,1.0
28,.0258,0,1.0
299,.0483,65.7,-0.01
35,.0199,0,1.0
366,.0392,66.5,-0.02
0,0,0,1.0
460,.0461,67.5,-0.04
470,.0583,65.6,-0.01
291,.0462,59.8,0.08
0,0,0,1.0
9,.0122,0,1.0
145,.0501,0,1.0
212,.0321,68.6,-0.06
255,.0406,66.9,-0.03
304,.0447,70,-0.08
242,.0366,67.7,-0.04
2,.0008,0,1.0
139,.0151,71.3,-0.1
2,.0007,0,1.0
74,.0113,69.7,-0.07
46,.0153,64.5,0.01
9,0,0,1.0
53,.0131,67.5,-0.04
50,.0129,67.2,-0.03
68,.0243,61.8,0.05
0,0,0,1.0
0,0,0,1.0
71,.0095,68.9,-0.06
7,.0033,68.4,-0.05
11,.0053,64.9,0.0
0,0,0,1.0
10,.0054,62.9,0.03
15,0,0,1.0
153,.028,60.6,0.07
0,0,0,1.0
18,.0127,65.1,-0.0
0,0,0,1.0
431,.0622,57.3,0.12
389,.0794,58,0.11
87,.0298,0,1.0
354,.0573,53.7,0.17
0,0,0,1.0
216,.2292,0,1.0
0,0,0,1.0
345,.1413,41.8,0.36
10,.0046,0,1.0
300,.1553,41.3,0.36
281,.1018,40,0.38
448,.1147,53.4,0.18
374,.1395,50.2,0.23
24,0,0,1.0
393,.1428,47.8,0.26
35,.0312,0,1.0
337,.0747,34.2,0.47
366,.0953,37.3,0.43
286,.3151,10.5,0.84
233,.0712,57.2,0.12
673,.1333,49.7,0.24
0,0,0,1.0
98,.3029,0,1.0
23,.0426,0,1.0
14,.0211,0,1.0
53,.0742,0,1.0
29,.0512,0,1.0
334,.0576,63.5,0.02
417,.0576,64.2,0.01
0,0,0,1.0
0,0,0,1.0
150,.0866,38,0.42
117,.0667,61.2,0.06
543,.1046,54.2,0.17
54,0,0,1.0
196,.3643,15.3,0.76
0,0,0,1.0
343,.1993,32.3,0.5
254,.1372,43.9,0.32
377,.1689,23.4,0.64
329,.1258,23.8,0.63
293,.1184,24.9,0.62
45,.1006,0,1.0
164,.0502,57.9,0.11
162,.049,52.5,0.19
169,.059,53,0.18
355,.065,61.5,0.05
15,.0123,0,1.0
241,.0433,54.1,0.17
310,.0385,61.4,0.06
319,.0801,51.8,0.2
80,.0808,49.4,0.24
72,.0655,54.9,0.16
14,0,0,1.0
46,.0893,30.4,0.53
69,.065,53.7,0.17
312,.0673,57.6,0.11
41,0,0,1.0
9,0,0,1.0
62,.0274,56.5,0.13
62,.0268,64.5,0.01
51,.0281,50.8,0.22
0,0,0,1.0
52,.0427,0,1.0
53,.0272,0,1.0
279,.0691,49.7,0.24
371,.0633,64.3,0.01
114,.0519,61.4,0.06
308,.0393,59.7,0.08
0,0,0,1.0
361,.0431,54.6,0.16
263,.0539,54,0.17
297,.0603,52.4,0.19
306,.0676,50.9,0.22
287,.0635,51,0.22
173,.0361,54.8,0.16
0,0,0,1.0
176,.0432,53.6,0.18
23,.0106,0,1.0
0,0,0,1.0
135,.1024,59.4,0.09
0,0,0,1.0
169,.049,57.1,0.12
108,.3084,6.4,0.9
0,0,0,1.0
196,.0467,54.8,0.16
28,.0138,0,1.0
441,.0931,48.1,0.26
327,.0676,46.5,0.28
464,.0813,52.8,0.19
28,.0553,0,1.0
38,0,0,1.0
299,.0796,44.6,0.31
0,0,0,1.0
130,.0979,59.1,0.09
67,.0362,49.3,0.24
1,0,0,1.0
0,0,0,1.0
99,.0585,46.7,0.28
197,.0894,46.6,0.28
161,.1174,30.2,0.54
139,.0881,60.5,0.07
501,.1137,41,0.37
22,0,0,1.0
188,.081,49.1,0.24
148,.089,33.8,0.48
132,.0813,60.8,0.06
497,.0876,52.1,0.2
220,.0492,58.3,0.1
375,.0967,47.5,0.27
381,.0926,52.3,0.2
310,.0653,58.6,0.1
266,.069,52.3,0.2
347,.074,55.4,0.15
57,.0578,0,1.0
490,.1071,46.6,0.28
66,0,0,1.0
328,.0693,58.4,0.1
360,.0781,57.3,0.12
179,.069,55.1,0.15
144,.0725,42.8,0.34
138,.0857,59.7,0.08
509,.0992,47.6,0.27
0,0,40,0.38
415,.0674,56.2,0.14
401,.0628,57.9,0.11
464,.0666,56.8,0.13
0,0,0,1.0
29,.0188,52.9,0.19
0,0,0,1.0
32,.0224,51.3,0.21
210,.0461,57.3,0.12
32,.0334,0,1.0
164,.0468,55.8,0.14
197,.0484,54.5,0.16
0,0,40,0.38
145,.0211,66.1,-0.02
183,.0308,63.6,0.02
218,.0339,62.1,0.04
293,.0493,61.2,0.06
180,.0291,62.9,0.03
163,.0231,65.4,-0.01
26,.0255,0,1.0
159,.0279,64.6,0.01
0,0,0,1.0
55,.0245,0,1.0
0,0,0,1.0
35,.0313,58,0.11
13,0,0,1.0
12,.0237,44.3,0.32
29,.0269,56.6,0.13
107,.0335,63.5,0.02
350,.0592,63.8,0.02
0,0,0,1.0
58,.0119,0,1.0
16,.0112,64.8,0.0
0,0,0,1.0
43,.0113,66.8,-0.03
12,0,0,1.0
165,.0276,59.9,0.08
144,.0254,59.5,0.08
5,.0022,0,1.0
192,.027,59.2,0.09
77,.0131,63.9,0.02
132,.027,64.8,0.0
159,.0268,63.4,0.02
73,.0151,65.3,-0.0
2,0,0,1.0
0,0,0,1.0
106,.0303,61.5,0.05
60,.0245,63.1,0.03
59,.0344,64.8,0.0
24,.0198,68.4,-0.05
26,.0124,67.5,-0.04
86,.0182,70.8,-0.09
67,.0128,67,-0.03
104,.0195,64.3,0.01
60,.0122,67.7,-0.04
0,0,0,1.0
100,.0212,66.6,-0.02
0,0,0,1.0
12,.0071,0,1.0
0,0,0,1.0
35,.0092,61.2,0.06
47,.0114,64,0.02
50,.0121,65.7,-0.01
2,.0016,0,1.0
5,.0043,0,1.0
209,.0432,62.2,0.04
207,.0445,61.4,0.06
2,.0009,0,1.0
6,.0027,71,-0.09
9,.0101,62.1,0.04
0,0,0,1.0
4,.0054,61.5,0.05
200,.0386,60.9,0.06
21,0,0,1.0
181,.047,61.5,0.05
177,.0368,62,0.05
134,.0528,59,0.09
90,.0167,66.9,-0.03
96,.0386,64.4,0.01
0,0,0,1.0
109,.0463,60.3,0.07
0,0,0,1.0
24,0,0,1.0
103,.032,63.1,0.03
314,.0424,68.1,-0.05
0,0,0,1.0
30,.0399,0,1.0
168,.0595,0,1.0
22,0,0,1.0
265,.1084,57.1,0.12
221,.265,18.3,0.72
126,.0832,57,0.12
24,.0164,64,0.02
35,0,0,1.0
304,.0453,62.5,0.04
40,0,0,1.0
304,.083,60.3,0.07
199,.0579,59.5,0.08
209,.0404,66.4,-0.02
103,.0348,0,1.0
19,.0124,64.5,0.01
71,0,0,1.0
39,.0338,57.9,0.11
49,0,0,1.0
22,.0151,64.7,0.0
28,0,0,1.0
309,.0488,61,0.06
34,0,0,1.0
79,.0765,55.8,0.14
74,.0632,59.4,0.09
18,0,0,1.0
34,.0447,59.4,0.09
60,.0458,55.2,0.15
105,0,0,1.0
72,.0566,52.5,0.19
58,0,0,1.0
192,.0737,60.6,0.07
150,.0579,60.1,0.08
140,.0911,60.9,0.06
513,.0983,57.7,0.11
52,.0402,61.4,0.06
45,0,0,1.0
346,.0514,61.7,0.05
35,0,0,1.0
76,.0463,55.6,0.14
313,.1043,55.4,0.15
32,0,0,1.0
54,.0392,60.9,0.06
8,.0046,69.8,-0.07
16,.0139,62.7,0.04
0,0,0,1.0
11,.0135,59.6,0.08
4,.0156,0,1.0
2,.0038,0,1.0
17,.0074,0,1.0
122,.0415,58.1,0.11
20,.0056,67.4,-0.04
20,.0056,67.4,-0.04
20,.0056,67.4,-0.04
27,.0056,67.5,-0.04
14,.0236,0,1.0
1,.0014,0,1.0
30,.0423,0,1.0
11,.0121,0,1.0
16,.0119,0,1.0
259,.0735,37.4,0.42
280,.0672,43.4,0.33
296,.1043,39.4,0.39
168,.049,63.1,0.03
557,.0986,60.9,0.06
0,0,0,1.0
95,.2103,0,1.0
216,.0646,64,0.02
562,.1049,57.5,0.12
0,0,0,1.0
66,.271,0,1.0
1354,.3625,17.8,0.73
418,.1501,24.7,0.62
494,.2265,26.6,0.59
68,.0933,0,1.0
25,.0568,0,1.0
468,.1552,29.5,0.55
513,.1883,28.1,0.57
24,.0781,0,1.0
22,.0692,0,1.0
269,.0523,49.9,0.23
334,.061,53,0.18
313,.0643,55,0.15
421,.0467,63.8,0.02
0,0,0,1.0
539,.0586,65.2,-0.0
588,.078,63.7,0.02
1376,.3619,16.2,0.75
406,.1395,24.5,0.62
503,.1758,30.4,0.53
61,.0762,0,1.0
110,.052,62.8,0.03
411,.1705,32.6,0.5
0,0,0,1.0
465,.2663,14,0.78
257,.0419,67.4,-0.04
0,0,0,1.0
257,.0419,67.4,-0.04
0,0,0,1.0
88,.0333,63.1,0.03
0,0,0,1.0
0,0,0,1.0
43,.0068,68.1,-0.05
550,.0922,58.3,0.1
618,.1448,46.1,0.29
534,.1098,49.7,0.24
607,.0971,54.9,0.16
0,0,0,1.0
512,.1011,56,0.14
562,.1572,40.8,0.37
486,.114,46,0.29
187,.0523,67.3,-0.04
786,.1438,61,0.06
0,0,0,1.0
88,.426,0,1.0
26,.0806,0,1.0
464,.29,18.9,0.71
350,.1781,24.5,0.62
351,.165,29.4,0.55
467,.2547,23.7,0.64
346,.1858,25.7,0.6
433,.2232,27,0.58
438,.3224,19.5,0.7
104,.0969,57.2,0.12
409,.1997,35.5,0.45
85,0,0,1.0
15,0,0,1.0
0,0,0,1.0
323,.0985,53.8,0.17
190,.0895,55.2,0.15
306,.1103,45.7,0.3
306,.0905,57.6,0.11
0,0,0,1.0
9,0,0,1.0
323,.0803,59.8,0.08
143,.053,60.2,0.07
0,0,0,1.0
28,0,0,1.0
115,.0356,62.7,0.04
352,.067,65,0.0
273,.0513,62.7,0.04
318,.0637,61.9,0.05
216,.0426,63.5,0.02
177,.0663,61.9,0.05
152,.0615,60.8,0.06
130,.0701,61.2,0.06
501,.0898,60.3,0.07
376,.1041,61.2,0.06
0,0,0,1.0
381,.1046,64.6,0.01
234,.0704,61.2,0.06
179,.0694,61.8,0.05
145,.0644,58.9,0.09
139,.084,60.9,0.06
562,.106,60.3,0.07
41,.0516,0,1.0
432,.2168,28.5,0.56
102,.2549,0,1.0
431,.1705,32.4,0.5
49,0,0,1.0
301,.0607,62.4,0.04
0,0,0,1.0
89,.0674,60,0.08
317,.0823,64.8,0.0
14,.0067,0,1.0
322,.1047,63.3,0.03
365,.0867,62.6,0.04
77,.0155,0,1.0
0,0,0,1.0
311,.0307,69,-0.06
932,.0907,59.1,0.09
86,.0412,60.4,0.07
0,0,0,1.0
12,0,0,1.0
45,.0162,64,0.02
154,.0272,68,-0.05
194,.0272,68.7,-0.06
0,0,0,1.0
0,0,0,1.0
49,.019,66.7,-0.03
52,.0248,65.7,-0.01
159,.0256,68.9,-0.06
22,0,0,1.0
175,.0508,65.7,-0.01
815,.1577,57.1,0.12
0,0,0,1.0
100,.3237,0,1.0
388,.0829,60.9,0.06
437,.0919,59.7,0.08
503,.1163,59.3,0.09
412,.1441,53.1,0.18
75,.0267,68.9,-0.06
3,0,0,1.0
102,.0494,65.5,-0.01
90,.0514,67.8,-0.04
423,.0481,62.8,0.03
1,.0006,0,1.0
577,.0615,63.8,0.02
603,.0775,63.3,0.03
156,.0492,63.4,0.02
669,.1135,65.3,-0.0
0,0,0,1.0
97,.0191,0,1.0
97,.1074,41.4,0.36
43,0,0,1.0
353,.0574,61.4,0.06
42,0,0,1.0
196,.0605,62.2,0.04
426,.1351,40.2,0.38
134,.0433,65.8,-0.01
0,0,0,1.0
18,.0386,0,1.0
380,.0587,59.3,0.09
443,.0725,59.4,0.09
16,.0302,0,1.0
495,.1014,61.3,0.06
101,0,0,1.0
10,0,0,1.0
98,.1036,57.7,0.11
156,.0513,60.4,0.07
639,.3444,32.5,0.5
0,0,0,1.0
99,.0207,0,1.0
5,.0023,0,1.0
50,.0161,65.6,-0.01
70,.0135,67.7,-0.04
3,.0016,0,1.0
0,0,0,1.0
75,.0088,67.6,-0.04
368,.0373,57.1,0.12
84,.0102,67.8,-0.04
0,0,0,1.0
111,.0152,72,-0.11
140,.022,71.1,-0.09
99,.0155,70,-0.08
0,0,0,1.0
70,.0121,68.6,-0.06
67,.0121,69,-0.06
0,0,0,1.0
550,.0782,68.1,-0.05
0,0,0,1.0
498,.0604,72.4,-0.11
357,.0563,68,-0.05
26,.0206,0,1.0
518,.0982,44.9,0.31
47,.1272,0,1.0
452,.1266,42.7,0.34
9,.0073,0,1.0
478,.1017,50.4,0.22
34,.0635,0,1.0
340,.2091,34.4,0.47
404,.1043,59.7,0.08
0,0,0,1.0
395,.1101,58.7,0.1
251,.065,62.1,0.04
392,.0619,68.3,-0.05
37,.0149,0,1.0
4,.005,0,1.0
313,.0644,65.1,-0.0
12,.0056,66.5,-0.02
16,.0128,64.9,0.0
0,0,65.6,-0.01
12,.0056,66.5,-0.02
429,.0567,67.4,-0.04
442,.0573,67.7,-0.04
434,.0455,68.1,-0.05
6,.0055,0,1.0
12,.0092,0,1.0
193,.0468,64.5,0.01
15,.0137,0,1.0
240,.0674,60.9,0.06
164,.0442,0,1.0
286,.0411,70.3,-0.08
29,.0122,0,1.0
437,.045,68.3,-0.05
36,.0072,63.8,0.02
1,0,0,1.0
51,.0283,61.5,0.05
25,.0087,65.8,-0.01
372,.0533,61.8,0.05
375,.0537,59.5,0.08
364,.0371,69.8,-0.07
5,.0089,0,1.0
67,.0263,62.9,0.03
0,0,0,1.0
0,0,0,1.0
141,.0521,55.3,0.15
77,.0413,60.9,0.06
256,.0701,60.9,0.06
68,.0502,44.4,0.32
61,.0327,56.7,0.13
439,.0965,60.1,0.08
0,0,0,1.0
439,.0965,60.1,0.08
0,0,0,1.0
409,.0624,59.3,0.09
48,0,0,1.0
0,0,0,1.0
242,.0995,61.9,0.05
299,.0565,64.7,0.0
201,.0367,62.3,0.04
20,.0197,0,1.0
200,.0324,68.1,-0.05
206,.0411,66.9,-0.03
0,0,0,1.0
0,0,0,1.0
12,.0049,0,1.0
147,.0471,65.8,-0.01
191,.0266,65.9,-0.01
144,.0448,64.9,0.0
75,.017,68.3,-0.05
284,.0698,61.2,0.06
0,0,0,1.0
410,.0776,59.7,0.08
0,0,0,1.0
541,.1347,50.6,0.22
515,.0935,52.9,0.19
449,.0777,56,0.14
461,.0782,61.9,0.05
302,.1367,29.4,0.55
375,.217,24.7,0.62
418,.1604,31.5,0.52
12,.0135,0,1.0
21,.0825,0,1.0
126,.2713,15,0.77
178,.4943,9,0.86
208,.3541,16,0.75
646,.1446,56.1,0.14
628,.0845,60.4,0.07
0,0,0,1.0
165,.3485,12.6,0.81
167,.0209,68.2,-0.05
170,.0299,67.8,-0.04
147,.0186,71.1,-0.09
149,.0166,71.9,-0.11
81,.0226,63.7,0.02
75,.0272,63.9,0.02
3,.0031,0,1.0
3,.0027,0,1.0
0,0,0,1.0
55,.1634,0,1.0
579,.1001,59.1,0.09
614,.1301,52.5,0.19
313,.0703,63.1,0.03
490,.0905,53.4,0.18
0,0,0,1.0
474,.082,63,0.03
0,0,0,1.0
260,.0711,57.5,0.12
0,0,0,1.0
221,.127,41.6,0.36
339,.2094,23.7,0.64
458,.2664,24.6,0.62
371,.1576,27.5,0.58
29,.068,0,1.0
166,.0433,69.1,-0.06
151,.0501,63.2,0.03
306,.0449,66.3,-0.02
179,.0671,60.6,0.07
15,.0082,64.9,0.0
122,.0246,69.5,-0.07
121,.0251,66.4,-0.02
29,0,0,1.0
0,0,0,1.0
1,.0008,0,1.0
116,.0293,58.3,0.1
28,.0402,29.9,0.54
0,0,0,1.0
293,.0915,56.5,0.13
22,.0233,0,1.0
0,0,0,1.0
78,0,0,1.0
482,.0705,59.9,0.08
64,0,0,1.0
0,0,0,1.0
628,.1605,40.8,0.37
655,.1557,45.8,0.3
600,.1797,40.4,0.38
634,.2383,29.4,0.55
234,.0852,51.6,0.21
196,.053,62.3,0.04
273,.0579,59.4,0.09
186,.0512,58.8,0.1
366,.1898,40.7,0.37
34,.5333,0,1.0
293,.1622,19.9,0.69
0,0,0,1.0
0,0,0,1.0
236,.0643,62.3,0.04
0,0,0,1.0
213,.0605,61.8,0.05
277,.0495,62.1,0.04
18,0,0,1.0
0,0,0,1.0
135,.0552,65.6,-0.01
95,.0355,59.8,0.08
112,.0459,61,0.06
0,0,0,1.0
3,0,0,1.0
14,.0136,58.4,0.1
0,0,0,1.0
1,0,0,1.0
46,.0551,51.9,0.2
35,.0289,62.2,0.04
0,0,0,1.0
0,0,0,1.0
110,.0537,59,0.09
5,.0066,59.2,0.09
0,0,0,1.0
1,0,0,1.0
13,.0189,52.7,0.19
2,0,0,1.0
1,0,0,1.0
7,.0047,61.2,0.06
43,.0337,63.3,0.03
2,.0009,0,1.0
326,.0964,58.7,0.1
32,.0343,0,1.0
73,.1366,0,1.0
40,.0182,0,1.0
343,.0627,64.3,0.01
359,.0576,68.8,-0.06
24,.0271,0,1.0
28,.0442,0,1.0
62,.1348,0,1.0
410,.1476,48.4,0.26
112,.0643,0,1.0
136,.1224,61,0.06
124,.109,58.8,0.1
0,0,0,1.0
49,0,0,1.0
232,.0503,63.7,0.02
195,.0457,70.7,-0.09
195,.0425,71.1,-0.09
189,.0552,63.3,0.03
397,.122,54.7,0.16
376,.1157,58.2,0.1
408,.1156,59.2,0.09
387,.1074,61.1,0.06
376,.1157,58.2,0.1
408,.1156,59.2,0.09
387,.1074,61.1,0.06
362,.1486,52.2,0.2
105,.0454,66.3,-0.02
0,0,0,1.0
0,0,0,1.0
185,.064,60.4,0.07
406,.0622,63.9,0.02
295,.0889,63.2,0.03
332,.1915,42,0.35
282,.1198,52.7,0.19
127,.1957,33,0.49
103,.1594,32.3,0.5
0,0,0,1.0
55,0,0,1.0
45,.0467,0,1.0
268,.2666,19,0.71
0,0,0,1.0
234,.1279,23.3,0.64
354,.3179,15.5,0.76
394,.3332,16.4,0.75
250,.1709,17.9,0.72
41,.0873,0,1.0
469,.0915,53.6,0.18
64,0,0,1.0
0,0,0,1.0
279,.126,58.8,0.1
279,.2878,16.7,0.74
364,.4366,16.5,0.75
301,.0726,46,0.29
46,.0739,0,1.0
69,.0522,53.6,0.18
93,.043,66.4,-0.02
80,.0513,54.8,0.16
0,0,0,1.0
229,.221,25.5,0.61
282,.2613,9.9,0.85
470,.3281,17.4,0.73
27,.0462,0,1.0
0,0,0,1.0
0,0,0,1.0
344,.096,58.7,0.1
58,.0242,0,1.0
257,.2686,26.5,0.59
371,.3458,11,0.83
471,.3205,18,0.72
26,.0415,0,1.0
0,0,0,1.0
83,.2177,0,1.0
641,.1578,39.1,0.4
463,.0858,53,0.18
698,.1686,45.7,0.3
691,.1265,53.8,0.17
611,.1061,56.9,0.12
671,.1154,56.2,0.14
227,.0878,39.7,0.39
339,.1732,34.3,0.47
565,.2479,16.2,0.75
573,.2575,24.1,0.63
312,.0577,62.2,0.04
143,.03,62.1,0.04
340,.0683,60.9,0.06
12,.0123,0,1.0
387,.0762,63.6,0.02
345,.0641,65,0.0
10,.0098,0,1.0
0,0,0,1.0
109,.0225,67.6,-0.04
123,.0256,67.5,-0.04
106,.018,69.3,-0.07
145,.0271,64.7,0.0
145,.0232,66.9,-0.03
103,.0148,72.8,-0.12
4,.0025,0,1.0
0,0,0,1.0
175,.0341,68.9,-0.06
0,0,69.1,-0.06
120,.0203,68.5,-0.05
168,.023,70.8,-0.09
0,0,0,1.0
159,.0396,68.6,-0.06
142,.0372,67.7,-0.04
139,.035,68.4,-0.05
0,0,0,1.0
61,.1451,0,1.0
675,.1121,55.8,0.14
442,.0692,60.3,0.07
8,.0128,0,1.0
48,.0263,0,1.0
224,.0414,68.2,-0.05
57,.0267,0,1.0
163,.0227,66.1,-0.02
48,.0117,68.8,-0.06
72,.0188,68.7,-0.06
88,.0381,62.5,0.04
262,.0377,70.4,-0.08
278,.0387,69.1,-0.06
285,.0431,66.3,-0.02
284,.0411,66.5,-0.02
24,.0046,67.9,-0.04
25,.0052,67.2,-0.03
6,.0032,0,1.0
5,.0011,0,1.0
0,0,0,1.0
9,.004,68.9,-0.06
47,.0341,63.8,0.02
47,.0341,63.8,0.02
279,.0415,65.3,-0.0
264,.0357,67.5,-0.04
237,.0245,70.8,-0.09
3,.0021,0,1.0
597,.0886,64.4,0.01
579,.0766,64.8,0.0
545,.0727,68.4,-0.05
558,.0782,62.1,0.04
389,.0587,60.6,0.07
26,0,0,1.0
0,0,0,1.0
187,.0748,61.8,0.05
391,.0597,60.8,0.06
33,0,0,1.0
0,0,0,1.0
208,.0847,61.5,0.05
147,.0532,57.7,0.11
0,0,0,1.0
0,0,0,1.0
378,.0591,64.3,0.01
435,.0643,60.4,0.07
34,0,0,1.0
0,0,0,1.0
237,.0988,60.8,0.06
240,.0442,64.8,0.0
323,.038,65.3,-0.0
387,.0565,70.6,-0.09
22,.028,0,1.0
16,0,0,1.0
99,.0197,69,-0.06
3,0,0,1.0
112,.0297,65.7,-0.01
2,0,0,1.0
11,.0043,69.5,-0.07
47,.0341,63.9,0.02
47,.0341,63.9,0.02
63,.0118,67.8,-0.04
61,.0102,68,-0.05
95,.0196,65.5,-0.01
64,.0124,65.7,-0.01
41,.0253,61,0.06
395,.0876,61.8,0.05
406,.0835,62.4,0.04
78,0,0,1.0
240,.0628,64.8,0.0
83,.0346,0,1.0
4,0,0,1.0
33,0,0,1.0
69,.2827,16.2,0.75
0,0,0,1.0
82,0,0,1.0
106,.2373,16.7,0.74
202,.068,48.2,0.26
342,.1072,46,0.29
0,0,0,1.0
40,0,0,1.0
41,.0126,0,1.0
349,.0544,63.5,0.02
314,.0521,61.1,0.06
299,.0439,62,0.05
459,.0724,58.3,0.1
45,0,0,1.0
0,0,0,1.0
288,.131,57,0.12
0,0,0,1.0
0,0,0,1.0
243,.0661,60,0.08
69,.0292,0,1.0
166,.0451,65.8,-0.01
157,.0515,61.6,0.05
155,.0612,54.2,0.17
156,.0526,58.3,0.1
286,.0573,62.4,0.04
288,.0597,62.6,0.04
95,.052,0,1.0
92,.0372,0,1.0
490,.0918,69,-0.06
23,0,0,1.0
0,0,0,1.0
256,.1124,61,0.06
38,.0786,0,1.0
424,.0705,61.4,0.06
0,0,0,1.0
27,.0672,0,1.0
434,.0721,64.5,0.01
542,.0721,65.2,-0.0
0,0,0,1.0
367,.0807,61,0.06
659,.2043,42.3,0.35
723,.22,36,0.45
697,.0968,51.3,0.21
7,.0063,0,1.0
51,.0476,0,1.0
346,.1508,33,0.49
0,0,0,1.0
428,.163,37.7,0.42
59,.0719,0,1.0
682,.106,64.7,0.0
546,.0851,62.4,0.04
584,.0769,65.7,-0.01
148,.0377,68.6,-0.06
178,.5145,6.8,0.9
182,.3203,31.7,0.51
369,.1258,50.2,0.23
393,.184,26.7,0.59
435,.1484,34.7,0.47
62,.0757,0,1.0
406,.1457,30.2,0.54
1,0,0,1.0
51,.0377,64.2,0.01
184,.0453,67.5,-0.04
59,.0564,53,0.18
42,.0188,65.3,-0.0
67,.0102,67.9,-0.04
40,.006,63,0.03
1,0,0,1.0
111,.0266,67.5,-0.04
74,.0116,69.2,-0.06
231,.0357,72,-0.11
5,.01,0,1.0
8,.0039,0,1.0
279,.1194,40.3,0.38
27,.0269,0,1.0
35,.0611,0,1.0
620,.1279,54.1,0.17
607,.0998,54.8,0.16
0,0,0,1.0
175,.3901,8.7,0.87
603,.2355,29.6,0.54
584,.2921,20.4,0.69
509,.2153,29.3,0.55
596,.2572,28.1,0.57
68,.0885,0,1.0
240,.139,39.5,0.39
6,.0175,0,1.0
313,.3093,20.7,0.68
482,.1745,34.8,0.46
61,0,0,1.0
0,0,0,1.0
263,.1381,54.5,0.16
54,.027,61.5,0.05
0,0,0,1.0
0,0,0,1.0
105,.0435,63.4,0.02
382,.1396,35.1,0.46
40,0,0,1.0
0,0,0,1.0
234,.1132,53.8,0.17
22,.0282,50.8,0.22
0,0,0,1.0
2,0,0,1.0
39,.0379,44.4,0.32
264,.0556,60.4,0.07
352,.047,57.9,0.11
464,.0794,54.4,0.16
30,.0414,0,1.0
130,.0251,70.3,-0.08
143,.0268,70.7,-0.09
21,.0186,0,1.0
0,0,0,1.0
39,.0947,45.3,0.3
21,.0493,19.4,0.7
17,.0183,60.6,0.07
0,0,0,1.0
1,0,0,1.0
17,.0133,63.6,0.02
49,.0362,63.4,0.02
49,.0362,63.4,0.02
184,.035,65.5,-0.01
226,.0284,67.7,-0.04
363,.0507,70.9,-0.09
14,.0165,0,1.0
109,.018,70.4,-0.08
108,.0161,70.5,-0.08
142,.0239,68,-0.05
113,.0172,69.2,-0.06
69,.0189,66,-0.02
214,.0455,67.6,-0.04
250,.0357,68.8,-0.06
351,.0576,68.9,-0.06
14,0,0,1.0
0,0,0,1.0
149,.0604,67,-0.03
128,.0344,67.6,-0.04
5,0,0,1.0
127,.0665,61.4,0.06
198,.047,60.7,0.07
19,0,0,1.0
0,0,0,1.0
163,.0432,67.8,-0.04
141,.0369,69.1,-0.06
117,.0301,69,-0.06
8,0,0,1.0
61,.0284,62.3,0.04
103,.0507,61.8,0.05
103,.0507,61.8,0.05
697,.1783,43.9,0.32
728,.1349,59.4,0.09
654,.1814,47.6,0.27
703,.2006,40,0.38
56,.0965,0,1.0
442,.0818,59.2,0.09
275,.0417,64.2,0.01
35,.1494,0,1.0
690,.1835,33,0.49
666,.288,30.2,0.54
608,.2268,34.4,0.47
674,.2288,27,0.58
20,0,0,1.0
314,.0742,56.4,0.13
302,.0829,56.3,0.13
333,.0818,55.6,0.14
119,.1024,58.9,0.09
0,0,0,1.0
46,0,0,1.0
140,.127,59.3,0.09
13,0,0,1.0
95,.1745,31.7,0.51
96,0,0,1.0
610,.1998,36.2,0.44
70,.0719,0,1.0
365,.2321,22.8,0.65
0,0,0,1.0
280,.16,23.7,0.64
5,0,0,1.0
66,.2677,48.4,0.26
36,.8391,3.2,0.95
9,.0122,60.1,0.08
37,.007,66,-0.02
0,0,0,1.0
47,.0391,62.3,0.04
0,0,0,1.0
125,.0809,45,0.31
0,0,0,1.0
0,0,0,1.0
132,.0713,48.3,0.26
405,.2019,41.4,0.36
12,.0055,0,1.0
459,.1532,49.5,0.24
24,.0225,0,1.0
774,.1381,64.4,0.01
746,.0971,66.6,-0.02
0,0,0,1.0
185,.3643,15.7,0.76
54,.0914,0,1.0
345,.1642,22.9,0.65
389,.1702,24.7,0.62
30,.1079,0,1.0
320,.0992,61.4,0.06
371,.0664,59.3,0.09
134,.28,10.4,0.84
314,.1514,33,0.49
316,.1286,45.9,0.29
52,0,0,1.0
448,.2322,35.4,0.46
59,0,0,1.0
59,.0589,0,1.0
393,.1889,25.7,0.6
0,0,0,1.0
363,.1301,31.7,0.51
0,0,0,1.0
0,0,0,1.0
268,.0708,65.1,-0.0
44,.0181,0,1.0
10,.0083,0,1.0
205,.0503,63.6,0.02
17,.0174,0,1.0
226,.0685,50.4,0.22
4,.0015,0,1.0
265,.0466,70.3,-0.08
16,.0136,0,1.0
176,.0459,68.3,-0.05
10,.0071,0,1.0
215,.04,69.2,-0.06
0,0,0,1.0
231,.044,69.6,-0.07
2,.0011,0,1.0
73,.0227,65,0.0
10,.01,0,1.0
51,.0146,69.2,-0.06
302,.0444,70.6,-0.09
283,.0382,68.3,-0.05
0,0,0,1.0
96,.0166,67.6,-0.04
1,.0008,0,1.0
48,.0132,66.1,-0.02
2,.0018,0,1.0
79,.0228,69.2,-0.06
257,.0712,0,1.0
381,.0567,67.3,-0.04
55,.0304,0,1.0
562,.0607,65.1,-0.0
0,0,0,1.0
0,0,0,1.0
287,.0724,64.3,0.01
37,.0146,0,1.0
380,.2356,34.9,0.46
624,.3307,16.3,0.75
524,.2379,25.5,0.61
52,.0815,0,1.0
339,.0842,58.1,0.11
81,0,0,1.0
471,.1476,52.7,0.19
72,0,0,1.0
98,.0473,0,1.0
483,.0999,52.2,0.2
367,.0773,59.7,0.08
443,.1041,54.6,0.16
270,.078,0,1.0
455,.0664,68,-0.05
51,.0236,0,1.0
658,.0685,66.8,-0.03
606,.1913,32.9,0.49
652,.2386,27.7,0.57
647,.1443,34.4,0.47
23,.0263,0,1.0
0,0,0,1.0
106,.0183,66.7,-0.03
276,.0426,63.7,0.02
262,.0447,68.7,-0.06
0,0,0,1.0
4,.0024,0,1.0
164,.0213,71.4,-0.1
183,.0239,71.4,-0.1
0,0,0,1.0
3,.0014,70.9,-0.09
42,.0329,63.6,0.02
42,.0329,63.6,0.02
139,.0489,61.6,0.05
0,0,0,1.0
0,0,0,1.0
125,.0199,67.3,-0.04
6,0,0,1.0
40,.0149,69.4,-0.07
62,.0376,64.1,0.01
62,.0376,64.1,0.01
15,.0233,0,1.0
87,.0575,0,1.0
277,.0505,66.5,-0.02
82,.0398,0,1.0
0,0,0,1.0
56,.1318,0,1.0
512,.0777,56.2,0.14
382,.0642,53.2,0.18
87,.074,60.1,0.08
3,.0028,65,0.0
115,.0525,65.9,-0.01
115,.0525,65.9,-0.01
171,.0317,67.5,-0.04
185,.0398,63.3,0.03
2,.0023,0,1.0
186,.0341,67,-0.03
0,0,0,1.0
287,.2044,37.2,0.43
327,.0923,63.2,0.03
0,0,0,1.0
50,.0261,65.4,-0.01
321,.0711,66.8,-0.03
307,.0677,63.4,0.02
86,0,0,1.0
0,0,64.9,0.0
63,.0261,60.9,0.06
206,.0488,63.6,0.02
153,.0375,71.2,-0.1
299,.0776,64.7,0.0
299,.0776,64.7,0.0
399,.0776,64.7,0.0
497,.0776,65.4,-0.01
300,.0308,71.3,-0.1
34,.0147,0,1.0
15,.0111,0,1.0
212,.0384,68.6,-0.06
174,.0328,65.2,-0.0
168,.0285,70.8,-0.09
3,.0024,0,1.0
13,.0062,0,1.0
588,.0941,66.3,-0.02
531,.0684,68.1,-0.05
0,0,0,1.0
181,.0333,67.4,-0.04
572,.3259,20.3,0.69
386,.2713,19.2,0.7
357,.184,20.7,0.68
440,.2488,41.6,0.36
283,.1104,47.2,0.27
363,.0713,56.6,0.13
238,.1476,45.6,0.3
0,0,0,1.0
83,.1658,0,1.0
371,.0779,60.1,0.08
133,.1097,0,1.0
505,.0881,59.6,0.08
27,.0068,67.7,-0.04
27,.0068,67.7,-0.04
27,.0068,67.7,-0.04
27,.0068,67.7,-0.04
312,.059,66.9,-0.03
208,.0321,69,-0.06
0,0,0,1.0
20,.0062,0,1.0
14,.0119,0,1.0
187,.056,66.2,-0.02
21,.0206,0,1.0
226,.0665,65.5,-0.01
90,.0499,65.1,-0.0
409,.0896,64.8,0.0
384,.0803,63.2,0.03
92,0,0,1.0
294,.1175,54.1,0.17
0,0,0,1.0
564,.1552,45.7,0.3
358,.0639,54.5,0.16
193,.0625,60.1,0.08
433,.1295,50,0.23
288,.1182,53.3,0.18
0,0,0,1.0
65,.2044,0,1.0
453,.2066,24.3,0.63
0,0,0,1.0
86,.2136,0,1.0
104,.0492,65.9,-0.01
100,.0863,62.5,0.04
8,.0089,65,0.0
104,.0492,65.9,-0.01
263,.0471,68.6,-0.06
0,0,0,1.0
0,0,0,1.0
30,.0127,0,1.0
466,.0643,68.8,-0.06
97,.0117,64.2,0.01
532,.0612,70.6,-0.09
6,.0073,0,1.0
38,.0051,68.2,-0.05
0,0,0,1.0
6,.0087,0,1.0
37,.0153,0,1.0
85,.0217,64.5,0.01
0,0,0,1.0
0,0,0,1.0
41,.0053,68.7,-0.06
11,.0049,65.1,-0.0
100,.0255,68.8,-0.06
0,0,0,1.0
7,.0042,65,0.0
514,.0522,64.9,0.0
0,0,0,1.0
666,.0676,65.9,-0.01
669,.0896,61.3,0.06
291,.0748,64.2,0.01
229,.0656,61.5,0.05
230,.0714,58.2,0.1
281,.0799,61.5,0.05
430,.1107,56,0.14
0,0,0,1.0
432,.1166,61,0.06
291,.0717,60.4,0.07
187,.0592,63.5,0.02
9,0,0,1.0
131,.0581,58.7,0.1
142,.0682,57.2,0.12
56,.0124,68.6,-0.06
56,.0124,68.6,-0.06
56,.0124,68.6,-0.06
76,.0124,68.5,-0.05
128,.0393,61.8,0.05
661,.1112,60,0.08
0,0,0,1.0
87,.0171,0,1.0
36,.0796,0,1.0
569,.1048,52,0.2
638,.1195,53.5,0.18
34,.0772,0,1.0
71,.0145,0,1.0
0,0,0,1.0
398,.0394,65.4,-0.01
766,.0751,45.2,0.3
0,0,0,1.0
108,.0445,64.6,0.01
106,.0499,61.3,0.06
106,.0499,61.3,0.06
145,.1012,63,0.03
44,0,0,1.0
478,.0922,63.4,0.02
89,.0798,55.6,0.14
167,.0693,57.6,0.11
111,.2515,18.5,0.72
239,.0946,50.4,0.22
0,0,0,1.0
48,.1,0,1.0
570,.1424,32.1,0.51
513,.1583,29.8,0.54
22,.0665,0,1.0
247,.0945,53.8,0.17
9,0,0,1.0
183,.0794,52.2,0.2
155,.0745,53.8,0.17
15,0,0,1.0
0,0,0,1.0
88,.0353,66.3,-0.02
96,.0469,62.4,0.04
19,0,0,1.0
0,0,0,1.0
460,.0704,57.6,0.11
252,.0494,63.3,0.03
0,0,0,1.0
329,.0436,68,-0.05
453,.0702,65.6,-0.01
218,.0348,65.1,-0.0
117,.3516,15.2,0.77
0,0,0,1.0
286,.1877,24.5,0.62
31,0,0,1.0
0,0,0,1.0
52,.0059,67.6,-0.04
275,.0384,55.5,0.15
76,.0107,65.3,-0.0
448,.074,68.8,-0.06
4,.0037,0,1.0
365,.0765,66,-0.02
314,.0924,60.6,0.07
154,.0457,64.7,0.0
745,.1228,71.8,-0.1
0,0,0,1.0
117,.3915,0,1.0
204,.058,66.1,-0.02
778,.134,63,0.03
0,0,0,1.0
85,.5479,0,1.0
618,.1104,60.1,0.08
0,0,0,1.0
611,.0934,65.3,-0.0
430,.0879,62.6,0.04
575,.1152,56,0.14
658,.1759,41.2,0.37
544,.1291,46.5,0.28
594,.1163,52.8,0.19
0,0,0,1.0
304,.2563,20.5,0.68
379,.3767,14.5,0.78
294,.285,12.1,0.81
540,.1169,53.8,0.17
43,.0374,0,1.0
380,.1032,52.7,0.19
372,.0896,52.1,0.2
257,.1885,22.3,0.66
273,.1537,24.5,0.62
351,.1495,26.4,0.59
320,.1527,26.2,0.6
108,.2543,0,1.0
0,0,0,1.0
371,.4293,29.9,0.54
1269,.6187,12.4,0.81
446,.1669,28.1,0.57
553,.1851,26.6,0.59
572,.1959,22.5,0.65
47,.0999,0,1.0
380,.0416,64.5,0.01
0,0,0,1.0
502,.0517,67.2,-0.03
540,.0732,60.9,0.06
394,.0695,55.7,0.14
0,0,0,1.0
470,.1199,45.9,0.29
493,.1126,49.5,0.24
1421,.3937,25.3,0.61
447,.1529,33.2,0.49
483,.1991,32.4,0.5
49,.0567,0,1.0
36,.047,0,1.0
379,.1032,35.8,0.45
131,.0985,0,1.0
483,.2662,27.5,0.58
430,.0849,63.6,0.02
5,.0057,0,1.0
74,.0311,0,1.0
56,.0962,0,1.0
0,0,0,1.0
476,.1683,40.1,0.38
555,.1986,42.3,0.35
493,.1527,45.4,0.3
182,.0732,61.2,0.06
119,.0659,60.1,0.08
623,.1117,59.2,0.09
72,0,0,1.0
138,.2059,0,1.0
0,0,0,1.0
468,.1935,35.1,0.46
1359,.4372,21.5,0.67
216,.0775,62.7,0.04
184,.0706,62.5,0.04
153,.098,59.1,0.09
550,.0946,63,0.03
17,0,0,1.0
104,.0555,57.4,0.12
294,.1093,59,0.09
0,0,0,1.0
12,0,0,1.0
319,.2273,27.6,0.58
83,0,0,1.0
57,0,0,1.0
1123,.1104,62.8,0.03
345,.0402,70.3,-0.08
338,.051,71.7,-0.1
24,.0247,0,1.0
11,.009,0,1.0
583,.0833,72.2,-0.11
41,.0262,0,1.0
553,.089,72.1,-0.11
97,.0984,0,1.0
0,0,0,1.0
345,.3532,39.1,0.4
1310,.1556,55.8,0.14
17,.0355,0,1.0
390,.2385,14.2,0.78
26,.0657,0,1.0
356,.367,12.1,0.81
250,.0642,60.9,0.06
777,.1421,60.6,0.07
0,0,0,1.0
167,.4162,0,1.0
0,0,0,1.0
306,.0987,62.9,0.03
256,.0566,64.1,0.01
80,.0477,0,1.0
278,.0594,63,0.03
668,.1184,61.9,0.05
0,0,0,1.0
67,.1213,0,1.0
155,.0266,66.3,-0.02
0,0,0,1.0
133,.0241,65.3,-0.0
0,0,0,1.0
394,.0637,66.1,-0.02
135,.0356,65,0.0
424,.0494,71.6,-0.1
0,0,0,1.0
0,0,0,1.0
145,.0388,65.7,-0.01
369,.0717,62.3,0.04
0,0,0,1.0
103,.0806,43.3,0.33
352,.1432,40.6,0.38
42,0,0,1.0
82,.0872,36,0.45
0,0,0,1.0
456,.0717,61,0.06
368,.0632,64.2,0.01
0,0,0,1.0
248,.0655,64.3,0.01
612,.1151,62.3,0.04
0,0,0,1.0
44,.0203,0,1.0
49,.0387,59.9,0.08
0,0,0,1.0
0,0,0,1.0
310,.0575,67.2,-0.03
72,.02,66.1,-0.02
60,.0168,65.4,-0.01
79,.022,65.8,-0.01
82,.023,65.3,-0.0
0,0,0,1.0
212,.0324,67.6,-0.04
2,0,0,1.0
0,0,0,1.0
70,.0356,61.7,0.05
64,.0379,61.6,0.05
0,0,0,1.0
7,0,0,1.0
105,.0204,69.1,-0.06
20,0,0,1.0
4,0,0,1.0
29,.0347,63.9,0.02
401,.084,68.4,-0.05
501,.1131,66.3,-0.02
401,.071,70.2,-0.08
34,.0498,0,1.0
312,.0539,65.7,-0.01
331,.0606,65.1,-0.0
560,.0901,68.4,-0.05
421,.0718,66.5,-0.02
95,.0522,54.2,0.17
532,.0933,49.5,0.24
0,0,0,1.0
647,.1454,38.8,0.4
41,.09,0,1.0
448,.2496,33.9,0.48
448,.1926,31.2,0.52
28,.0592,0,1.0
8,0,0,1.0
0,0,0,1.0
61,.0321,58,0.11
82,.0484,55.4,0.15
9,.0082,0,1.0
66,.2822,0,1.0
365,.084,62.7,0.04
442,.1061,60.5,0.07
459,.0482,66,-0.02
0,0,0,1.0
566,.0605,68.7,-0.06
582,.0794,66.4,-0.02
46,.0515,0,1.0
421,.0785,47.3,0.27
107,.2446,0,1.0
466,.079,60.3,0.07
35,.0199,58.7,0.1
1,0,0,1.0
0,0,0,1.0
66,.0438,56.2,0.14
34,.0137,68.4,-0.05
145,.0797,57.2,0.12
0,0,0,1.0
17,.0106,51.1,0.21
15,.0086,60.3,0.07
1,0,0,1.0
0,0,0,1.0
47,.0351,56.2,0.14
0,0,0,1.0
194,.0285,70.4,-0.08
334,.0522,70.7,-0.09
247,.0393,68.6,-0.06
21,.0231,46.9,0.28
0,0,0,1.0
0,0,0,1.0
52,.0449,49.5,0.24
14,.0202,43.5,0.33
1,0,0,1.0
0,0,0,1.0
52,.0482,44.6,0.31
0,0,0,1.0
117,.0123,68.2,-0.05
461,.046,57.2,0.12
115,.013,67.2,-0.03
60,.0282,63.7,0.02
1,.002,0,1.0
0,0,0,1.0
66,.012,68.8,-0.06
33,.0106,67.6,-0.04
0,0,0,1.0
41,.0117,66.5,-0.02
77,.021,60.4,0.07
5,.0017,0,1.0
223,.0291,70.5,-0.08
47,.029,0,1.0
193,.0298,68.7,-0.06
260,.0391,69.4,-0.07
24,0,0,1.0
202,.0455,63.6,0.02
182,.0332,69.3,-0.07
15,.005,0,1.0
321,.0411,71.5,-0.1
60,.0361,0,1.0
333,.0506,70.8,-0.09
43,.0377,0,1.0
430,.0725,66.1,-0.02
30,.0146,0,1.0
265,.046,67.6,-0.04
340,.0749,63.3,0.03
271,.067,64.6,0.01
271,.067,64.6,0.01
271,.067,64.6,0.01
123,.0368,64.4,0.01
673,.121,59.8,0.08
0,0,0,1.0
67,.3366,0,1.0
5,.0082,0,1.0
81,.0231,64.5,0.01
70,.014,66.9,-0.03
81,.0234,64,0.02
121,.0325,65.1,-0.0
23,.0049,68.1,-0.05
23,.0049,68.1,-0.05
23,.0049,68.1,-0.05
88,.0186,68.5,-0.05
136,.0366,64,0.02
122,.0267,68.2,-0.05
137,.0367,64,0.02
241,.0323,70.7,-0.09
0,0,0,1.0
11,.0148,0,1.0
194,.066,0,1.0
216,.069,62.7,0.04
181,.0621,63.7,0.02
131,.0624,64.6,0.01
490,.0811,60.2,0.07
154,.0642,63.6,0.02
186,.0664,60.4,0.07
0,0,0,1.0
228,.0872,59.7,0.08
31,.0781,0,1.0
444,.061,54.5,0.16
35,.0547,0,1.0
381,.0604,67.4,-0.04
12,0,0,1.0
152,.0404,66.1,-0.02
178,.0432,66.1,-0.02
164,.0522,61.5,0.05
0,0,0,1.0
500,.0554,61,0.06
1478,.3486,17,0.74
534,.1612,25.9,0.6
1374,.3043,26.6,0.59
422,.1164,36,0.45
462,.0988,50.9,0.22
55,.0644,0,1.0
293,.0575,65.9,-0.01
266,.0567,61.8,0.05
348,.0645,66.1,-0.02
28,.0261,0,1.0
84,.0276,64.4,0.01
230,.0336,71.2,-0.1
0,0,0,1.0
35,.0067,0,1.0
104,.0193,66.9,-0.03
0,0,0,1.0
58,.0063,71.6,-0.1
63,.0086,71.4,-0.1
49,.0333,63.5,0.02
92,.018,66.8,-0.03
0,0,0,1.0
57,.0061,72,-0.11
0,0,0,1.0
11,.0118,61.7,0.05
0,0,0,1.0
3,.004,65.5,-0.01
275,.073,62,0.05
158,.0569,62.2,0.04
246,.0419,67.9,-0.04
56,.0179,0,1.0
258,.0435,70.1,-0.08
0,0,0,1.0
0,0,0,1.0
0,0,0,1.0
581,.2624,21.9,0.66
0,0,0,1.0
491,.3019,16.7,0.74
356,.21,33.1,0.49
17,0,0,1.0
91,.1014,36.5,0.44
79,0,0,1.0
61,.3086,16,0.75
408,.1263,56.3,0.13
352,.0981,59.8,0.08
353,.0973,61.1,0.06
353,.0932,62.8,0.03
416,.0766,50.9,0.22
0,0,0,1.0
434,.3508,21.5,0.67
348,.1588,41.5,0.36
0,0,0,1.0
492,.0752,52.4,0.19
348,.1048,41.5,0.36
133,.1574,0,1.0
496,.128,39.6,0.39
47,.0495,0,1.0
353,.1044,44.7,0.31
346,.0834,57.2,0.12
0,0,0,1.0
468,.071,54.9,0.16
432,.1108,47.1,0.28
128,.145,0,1.0
93,.054,52,0.2
510,.1397,37.6,0.42
0,0,0,1.0
595,.195,21.7,0.67
383,.0585,60.3,0.07
315,.0655,61.7,0.05
412,.0555,59.9,0.08
0,0,0,1.0
187,.0638,54.5,0.16
362,.0647,60.8,0.06
100,.0396,64.6,0.01
0,0,0,1.0
287,.0776,56.8,0.13
211,.0627,57.1,0.12
216,.0382,62.8,0.03
92,.0284,0,1.0
551,.1045,40.6,0.38
0,0,0,1.0
667,.145,25.9,0.6
587,.1511,28,0.57
0,0,0,1.0
385,.0391,63.6,0.02
1462,.2204,41,0.37
561,.0868,51,0.22
77,.022,63.5,0.02
112,.0452,59.9,0.08
260,.0413,66.6,-0.02
76,.0354,65.2,-0.0
0,0,0,1.0
290,.0432,66,-0.02
361,.0626,66,-0.02
0,0,0,1.0
12,.0241,0,1.0
434,.2615,22.6,0.65
504,.2642,22.5,0.65
25,.0586,0,1.0
340,.1205,31.4,0.52
345,.3016,14.8,0.77
385,.3389,16.2,0.75
387,.2424,20.3,0.69
0,0,0,1.0
511,.0813,61.5,0.05
526,.1106,60.5,0.07
0,0,0,1.0
80,.0696,61.2,0.06
125,.1519,32.5,0.5
32,0,0,1.0
134,.41,21.7,0.67
618,.5212,19.3,0.7
319,.4246,22.6,0.65
277,.4233,16.4,0.75
67,.278,0,1.0
92,.0809,60.5,0.07
118,.1071,45.3,0.3
28,0,0,1.0
72,.0825,46.3,0.29
116,.0544,62,0.05
472,.0493,62.6,0.04
0,0,0,1.0
644,.0669,60.4,0.07
87,.3211,5,0.92
203,.0556,58,0.11
166,.0558,58.8,0.1
426,.0992,54.7,0.16
0,0,0,1.0
469,.0471,67.1,-0.03
1383,.3303,23.4,0.64
454,.1261,33.3,0.49
106,.0141,70.4,-0.08
146,.0253,66.9,-0.03
182,.0292,65.8,-0.01
102,.0181,69.2,-0.06
6,0,0,1.0
42,.0107,65.6,-0.01
0,0,0,1.0
66,.0346,60.7,0.07
171,.0533,62.3,0.04
778,.1327,71.5,-0.1
0,0,0,1.0
83,.0147,0,1.0
154,.0462,62.8,0.03
789,.1476,64.3,0.01
0,0,0,1.0
72,.2503,0,1.0
122,.3288,0,1.0
0,0,0,1.0
304,.4459,30.2,0.54
1481,.4316,13.9,0.79
35,0,0,1.0
103,.2494,38.6,0.41
123,.1269,52.2,0.2
535,.1162,60.3,0.07
12,.0058,0,1.0
290,.0914,64.8,0.0
306,.0671,64.2,0.01
58,.1103,0,1.0
18,.046,0,1.0
285,.243,15.8,0.76
479,.2334,21.4,0.67
23,.0723,0,1.0
0,0,0,1.0
431,.0564,64.6,0.01
369,.0724,64.7,0.0
92,.0312,0,1.0
50,0,0,1.0
213,.1886,35.4,0.46
0,0,0,1.0
84,.0701,53.7,0.17
325,.0372,54.1,0.17
0,0,0,1.0
365,.0413,46.7,0.28
379,.0506,50.2,0.23
0,0,0,1.0
0,0,0,1.0
0,0,0,1.0
108,.0136,68.4,-0.05
521,.083,71.1,-0.09
50,0,0,1.0
325,.0631,64.1,0.01
416,.0781,68,-0.05
96,.051,64.6,0.01
596,.0959,68.9,-0.06
67,0,0,1.0
415,.0727,64,0.02
185,.059,65.2,-0.0
833,.1601,56.9,0.12
0,0,0,1.0
95,.0724,0,1.0
60,.0993,0,1.0
32,.0314,0,1.0
497,.1885,29.9,0.54
48,.0958,0,1.0
193,.0553,66.7,-0.03
780,.1457,60.6,0.07
0,0,0,1.0
97,.3797,0,1.0
415,.1174,57.3,0.12
34,.032,0,1.0
317,.0821,52.9,0.19
338,.0779,60.2,0.07
0,0,0,1.0
0,0,0,1.0
18,0,0,1.0
0,0,0,1.0
0,0,0,1.0
288,.0434,64.4,0.01
238,.0502,64.7,0.0
96,.03,0,1.0
5,.0049,0,1.0
16,.0158,0,1.0
293,.096,48.6,0.25
5,.0052,0,1.0
0,0,0,1.0
46,.0742,32.9,0.49
1,0,0,1.0
60,.0471,47.2,0.27
364,.0834,57.5,0.12
0,0,0,1.0
131,.1053,58.1,0.11
111,0,0,1.0
36,.0158,68,-0.05
44,.0324,59.7,0.08
0,0,0,1.0
39,.0301,59.5,0.08
0,0,0,1.0
445,.0934,53,0.18
5,0,0,1.0
0,0,0,1.0
226,.0573,65.9,-0.01
8,.0036,0,1.0
228,.0702,64.9,0.0
224,.0488,66.3,-0.02
64,.0125,0,1.0
0,0,0,1.0
286,.0298,67.9,-0.04
962,.096,58.3,0.1
0,0,0,1.0
0,0,0,1.0
27,.0133,65.1,-0.0
147,.0403,68,-0.05
28,.0062,0,1.0
0,0,0,1.0
98,.0104,68.3,-0.05
428,.0506,56.8,0.13
39,.0313,64.8,0.0
324,.0605,68,-0.05
62,0,0,1.0
8,0,0,1.0
134,.2793,0,1.0
0,0,0,1.0
405,.1378,36.1,0.44
1398,.1471,46.7,0.28
316,.0676,62.6,0.04
221,.059,53.2,0.18
245,.0554,59.2,0.09
18,.016,0,1.0
206,.06,66.1,-0.02
824,.1551,58.2,0.1
0,0,0,1.0
116,.2489,0,1.0
348,.0524,60.8,0.06
0,0,0,1.0
66,.043,0,1.0
427,.083,60.7,0.07
108,.0653,58.3,0.1
114,.0808,54.4,0.16
29,0,0,1.0
6,0,0,1.0
513,.1871,30.1,0.54
67,.0962,0,1.0
508,.1798,26.5,0.59
107,.1394,0,1.0
460,.0929,59.8,0.08
337,.097,59.4,0.09
259,.0877,57.4,0.12
253,.097,59.4,0.09
132,.0883,58.1,0.11
386,.175,50.1,0.23
40,0,0,1.0
96,.0702,56,0.14
522,.0841,62.5,0.04
61,0,0,1.0
387,.0687,63.1,0.03
436,.0807,66.8,-0.03
23,.0469,0,1.0
416,.2319,14.7,0.77
463,.2803,16.3,0.75
22,.056,0,1.0
31,0,0,1.0
328,.0574,63.3,0.03
0,0,0,1.0
111,.0834,58.3,0.1
58,0,0,1.0
24,0,0,1.0
310,.0748,64.7,0.0
92,0,0,1.0
162,.064,66.8,-0.03
156,.047,71.1,-0.09
0,0,0,1.0
164,.063,65.7,-0.01
23,.0457,0,1.0
481,.3189,12.8,0.8
24,.0538,0,1.0
336,.0571,65.5,-0.01
326,.0608,67.6,-0.04
48,.042,0,1.0
272,.0584,62.8,0.03
286,.0547,63.3,0.03
100,.0338,62.7,0.04
4,0,0,1.0
96,.0262,68.5,-0.05
49,.0107,67.9,-0.04
3,.0034,66.9,-0.03
3,.0015,69.1,-0.06
1,.0016,65.7,-0.01
0,0,0,1.0
12,.0055,67.4,-0.04
8,.0058,65.2,-0.0
0,0,0,1.0
8,.0041,66.9,-0.03
211,.0457,66.7,-0.03
10,0,0,1.0
151,.0559,64.7,0.0
120,.0413,65.7,-0.01
0,0,0,1.0
326,.4988,20.6,0.68
1466,.164,42.3,0.35
497,.0658,48,0.26
304,.0619,66.8,-0.03
406,.0619,66.7,-0.03
506,.0619,67.4,-0.04
0,0,0,1.0
31,0,0,1.0
330,.2345,18.9,0.71
0,0,0,1.0
148,.1153,56.1,0.14
203,.0689,62,0.05
182,.0665,61.2,0.06
111,.0554,65.6,-0.01
556,.0964,59.6,0.08
412,.1884,22.3,0.66
224,.0919,23.7,0.64
27,.0739,0,1.0
494,.2739,14.3,0.78
1203,.5266,11.7,0.82
383,.2235,18.6,0.71
414,.2033,21,0.68
65,.0769,0,1.0
93,.046,63.1,0.03
448,.1421,34.3,0.47
1,.0006,0,1.0
528,.2078,17.4,0.73
12,.0101,0,1.0
60,.0335,0,1.0
435,.1402,43.9,0.32
231,.0365,68.3,-0.05
253,.0421,68.7,-0.06
248,.0405,64.8,0.0
192,.0318,68.4,-0.05
212,.036,68.6,-0.06
484,.1423,57.8,0.11
16,.0142,0,1.0
363,.1099,60.4,0.07
368,.1052,62.5,0.04
427,.1394,53.1,0.18
13,0,0,1.0
322,.0937,54.9,0.16
346,.1023,56,0.14
49,.0746,0,1.0
30,.0292,0,1.0
345,.0615,59.1,0.09
46,.0915,0,1.0
107,.2454,0,1.0
0,0,0,1.0
300,.0388,47.9,0.26
1458,.3636,21.1,0.68
340,.2131,37.8,0.42
61,0,0,1.0
212,.3478,32.9,0.49
230,.5112,9.4,0.86
253,.2575,33.8,0.48
354,.0788,58.6,0.1
171,.0506,61.1,0.06
0,0,0,1.0
517,.1369,38.9,0.4
2,.0009,0,1.0
629,.1842,24.7,0.62
656,.2427,26.3,0.6
41,.0837,0,1.0
552,.0982,54.9,0.16
489,.0885,56.9,0.12
26,.0546,0,1.0
41,.0289,0,1.0
62,.0273,0,1.0
367,.0833,57.8,0.11
369,.0646,64.8,0.0
20,.0302,0,1.0
258,.0425,67.1,-0.03
270,.0452,66.5,-0.02
375,.0707,64.2,0.01
32,.0267,0,1.0
470,.0882,62.5,0.04
33,.0169,0,1.0
407,.0808,62.5,0.04
264,.0751,64.7,0.0
351,.0751,64.6,0.01
440,.0751,65.3,-0.0
0,0,0,1.0
0,0,0,1.0
312,.0326,66.4,-0.02
1407,.3264,19.4,0.7
409,.1171,28.7,0.56
0,0,0,1.0
622,.0752,65.4,-0.01
685,.1091,60.8,0.06
605,.0944,61.1,0.06
288,.1038,61.5,0.05
226,.0896,62.2,0.04
130,.0829,59,0.09
560,.331,29.5,0.55
416,.1944,29.5,0.55
302,.1229,28.5,0.56
392,.1261,32.9,0.49
18,.0411,0,1.0
476,.2835,28.3,0.56
405,.1801,34.8,0.46
448,.1637,40.9,0.37
51,.0875,0,1.0
0,0,0,1.0
136,.0586,65.7,-0.01
177,.0728,63,0.03
177,.0728,63,0.03
74,.0694,55.6,0.14
138,.2162,24.7,0.62
39,0,0,1.0
127,.2907,22.2,0.66
0,0,0,1.0
270,.4948,31.9,0.51
1309,.5009,17,0.74
549,.2536,25,0.62
363,.0944,56.5,0.13
398,.1006,58.9,0.09
366,.0932,56.3,0.13
285,.0906,59.6,0.08
325,.0969,50.8,0.22
491,.1157,57.7,0.11
4,.0043,0,1.0
3,.0023,0,1.0
23,.0467,0,1.0
503,.1423,29.8,0.54
466,.1437,38.3,0.41
31,.0856,0,1.0
73,.0221,0,1.0
367,.0554,70.9,-0.09
27,.0258,0,1.0
304,.0607,67.6,-0.04
10,.0048,0,1.0
204,.0655,66.8,-0.03
246,.0496,69,-0.06
56,.0295,0,1.0
907,.0801,62.2,0.04
275,.03,71.3,-0.1
281,.0425,70.7,-0.09
35,.0126,0,1.0
35,.0308,0,1.0
501,.1624,37.8,0.42
574,.149,45.9,0.29
417,.1972,37.3,0.43
17,.0335,0,1.0
323,.2281,21.5,0.67
440,.1488,47,0.28
433,.1085,53.4,0.18
51,.0345,65.2,-0.0
30,0,0,1.0
467,.0637,63.2,0.03
58,0,0,1.0
45,.026,65.6,-0.01
1,0,0,1.0
0,0,0,1.0
74,.05,61.4,0.06
367,.0698,61.1,0.06
0,0,0,1.0
122,.0919,60.5,0.07
114,0,0,1.0
246,.053,63.6,0.02
304,.0839,63.7,0.02
292,.0776,65.3,-0.0
307,.083,66,-0.02
407,.0472,64.9,0.0
0,0,0,1.0
531,.058,65.9,-0.01
494,.0709,61.6,0.05
129,.0267,62.6,0.04
151,.0414,62.7,0.04
134,.0393,61.3,0.06
263,.1517,46.8,0.28
289,.1083,51.9,0.2
291,.2649,13.8,0.79
250,.3455,12.7,0.8
247,.3363,21.3,0.67
247,.3057,17.8,0.73
225,.1901,37.4,0.42
230,.0723,59.9,0.08
251,.0734,63.4,0.02
246,.053,63.6,0.02
304,.0839,63.7,0.02
292,.0776,65.3,-0.0
307,.083,66,-0.02
407,.0472,64.9,0.0
0,0,0,1.0
531,.058,65.9,-0.01
494,.0709,61.6,0.05
129,.0267,62.6,0.04
151,.0414,62.7,0.04
134,.0393,61.3,0.06
263,.1517,46.8,0.28
289,.1083,51.9,0.2
291,.2649,13.8,0.79
250,.3455,12.7,0.8
247,.3363,21.3,0.67
247,.3057,17.8,0.73
225,.1901,37.4,0.42
230,.0723,59.9,0.08
251,.0734,63.4,0.02